0 0.49209224752703007 0.6777733747220572 0.0747642051989878 0.2201527860335074
1 0.22215033356337704 0.7151993483477534 0.42629974695192085 0.07044889153072247
2 0.17614159190246145 0.43835721991061793 0.15599838969404187 0.6945820399357153
3 0.11863066482631698 0.7575787596592036 0.04241430871865653 0.0561389604385442
2 0.444645732689211 0.4416595117011206 0.05607315389924088 0.7011866235167207
3 0.429549114331723 0.7636329612751249 0.05175983436852999 0.06164278008938205
2 0.7189009661835749 0.4433106575963719 0.026598803772716843 0.7022873874468882
3 0.7286059351276741 0.76143143341479 0.05319760754543359 0.06604583581005213
2 0.9424746951920866 0.3992801003896705 0.09848746261789745 0.6120247451731502
3 0.9830917874396137 0.6508046584329524 0.01725327812284333 0.10677410122625103
