0 0.49281113411548194 0.6788741386522247 0.0747642051989878 0.22235431389384247
1 0.22107200368069932 0.7157497303128373 0.4284564067172763 0.06934812760055495
2 0.17470381872555782 0.44165951170112067 0.16606280193236717 0.6967835677960506
3 0.11395790200138024 0.7619818153798736 0.04313319530710835 0.053937432578209314
2 0.4468023924545663 0.4422098936662044 0.05607315389924088 0.697884331726218
3 0.4281113411548194 0.7625321973449575 0.05463538072233718 0.0572397243687118
2 0.7189009661835748 0.4438610395614556 0.02803657694962044 0.7055896792373908
3 0.7282464918334484 0.7608810514497061 0.05391649413388543 0.06714659974021973
2 0.9428341384863123 0.4119388855865972 0.1020818955601565 0.6373423155670036
3 0.9856078904991948 0.6728199370363033 0.017972164711295178 0.12218479624859666
