0 0.49209224752703007 0.6794245206173084 0.0747642051989878 0.22345507782400992
1 0.21999367379802162 0.7140985844175859 0.4248619737750173 0.0660458358100523
2 0.17398493213710603 0.44000836580586933 0.16462502875546356 0.6956828038658831
3 0.11180124223602483 0.7658344891354602 0.04025764895330114 0.050635140787706666
2 0.4471618357487923 0.4411091297360368 0.05104094778007825 0.7000858595865531
3 0.42631412468368984 0.7548268498337848 0.00934552564987341 0.07705347511172768
2 0.7196198527720266 0.4427602756312882 0.019409937888198774 0.7011866235167208
3 0.7242926155969635 0.7410673007066905 0.005751092707614374 0.1111771569469212
2 0.9428341384863123 0.38497016929749245 0.1020818955601565 0.5878079387094644
3 0.9866862203818725 0.6348435814455232 0.014377731769036143 0.08585958655306786
