0 0.492451690821256 0.6783237566871408 0.07548309178743955 0.22565660568434495
1 0.22826086956521738 0.7174008762080885 0.4370830457786979 0.10347180943574853
2 0.17721992178513915 0.4416595117011206 0.16534391534391535 0.6989850956563856
3 0.10892569588221761 0.7531757039385335 0.025879917184265022 0.07815423904189513
2 0.4626178974005061 0.13674790304471304 0.014377731769036143 0.08696035048323536
3 0.45866402116402116 0.1615150914734826 0.007907752472969817 0.0396275014860313
2 0.7167443064182194 0.44496180349162323 0.022285484242005958 0.7033881513770557
3 0.7242926155969635 0.7570283776941198 0.005751092707614374 0.08145653083239777
2 0.9058114791810444 0.13234484732404292 0.023723257418909554 0.08475882262290027
3 0.911203128594433 0.15821279968298 0.008626639061421769 0.030821390044691026
