0 0.49281113411548194 0.6794245206173084 0.0747642051989878 0.22345507782400992
1 0.22250977685760293 0.7157497303128371 0.42558086036346904 0.07154965546088991
2 0.17398493213710603 0.44055874777095305 0.1617494824016563 0.6989850956563857
3 0.11108235564757303 0.7570283776941198 0.04169542213020476 0.0638443079497171
2 0.44320795951230735 0.4422098936662044 0.060386473429951654 0.7000858595865531
3 0.42954911433172305 0.7592299055544548 0.054635380722337284 0.06604583581005213
2 0.7189009661835748 0.4422098936662044 0.02803657694962044 0.7000858595865531
3 0.7286059351276741 0.7619818153798736 0.05319760754543359 0.06274354401954965
2 0.9428341384863123 0.39377628073883275 0.1006441223832528 0.6010171058714748
3 0.9805756843800323 0.6381458732360258 0.02372325741890976 0.11447944873742384
