0 0.49209224752703007 0.6799749025823922 0.0747642051989878 0.22015278603350735
1 0.22143144697492523 0.7163001122779209 0.4234242005981136 0.07044889153072238
2 0.17470381872555782 0.443310657596372 0.1617494824016563 0.7000858595865532
3 0.11611456176673567 0.7713383087862978 0.04313319530710838 0.04843361292737162
2 0.44644294916034044 0.44165951170112067 0.05391649413388543 0.6967835677960506
3 0.42703301127214166 0.7548268498337848 0.0639809063722107 0.07485194725139248
2 0.7185415228893489 0.4422098936662044 0.02731769036116869 0.7000858595865531
3 0.7242926155969635 0.7603306694846225 0.06038647342995176 0.0638443079497171
2 0.9431935817805382 0.400380864319838 0.10136300897170464 0.6142262730334853
3 0.984889003910743 0.6579596239790415 0.01653439153439148 0.10127028157541325
