0 0.49209224752703007 0.6794245206173084 0.0747642051989878 0.22125354996367486
1 0.22250977685760293 0.7146489663826696 0.4212675408327582 0.06934812760055487
2 0.17506326201978376 0.43890760187570177 0.16390614216701174 0.695682803865883
3 0.11431734529560617 0.76143143341479 0.045289855072463796 0.055038196508376755
2 0.447880722337244 0.44386103956145573 0.05391649413388543 0.7033881513770558
3 0.4266735679779158 0.7559276137639523 0.010064412238325259 0.07265041939105743
2 0.7185415228893489 0.44386103956145573 0.025879917184264994 0.7011866235167207
3 0.7253709454796412 0.7597802875195387 0.06541867954911439 0.06714659974021973
2 0.944631354957442 0.3893732250181626 0.09848746261789745 0.5966140501508046
3 0.985248447204969 0.6408977830614446 0.018691051299747026 0.09136340620390547
