0 0.49209224752703007 0.6783237566871408 0.0747642051989878 0.22125354996367486
1 0.22250977685760295 0.7157497303128371 0.42701863354037267 0.07595271118156
2 0.17470381872555782 0.4400083658058693 0.1617494824016563 0.697884331726218
3 0.11359845870715435 0.7691367809259626 0.0366632160110421 0.044030557206701376
2 0.4464429491603405 0.4427602756312881 0.05247872095698184 0.7033881513770557
3 0.4252357948010122 0.7597802875195386 0.06326201978375895 0.06934812760055478
2 0.7185415228893489 0.4433106575963719 0.025879917184264994 0.6956828038658829
3 0.7250115021854152 0.7608810514497062 0.05894870025304806 0.0649450718798847
2 0.9431935817805382 0.4036831561103406 0.09992523579480095 0.6230323844748257
3 0.9863267770876467 0.6673161173854656 0.015096618357487991 0.0935649340642406
