0 0.49209224752703007 0.6794245206173084 0.0747642051989878 0.22345507782400992
1 0.22215033356337702 0.7140985844175859 0.42917529330572807 0.07265041939105751
2 0.17398493213710603 0.44165951170112067 0.16750057510927077 0.6967835677960506
3 0.11000402576489532 0.7575787596592036 0.03953876236484934 0.0649450718798847
2 0.444645732689211 0.4411091297360369 0.05894870025304806 0.7022873874468882
3 0.4284707844490453 0.7575787596592036 0.04816540142627095 0.06934812760055478
2 0.7181820795951231 0.44386103956145573 0.025161030595813146 0.7033881513770558
3 0.7242926155969635 0.7592299055544548 0.06613756613756613 0.07485194725139248
2 0.9431935817805382 0.40093124628492177 0.09992523579480095 0.6197300926843231
3 0.9827323441453877 0.6475023666424499 0.020847711065102366 0.12438632410893162
